Année	GISS-NASA	NOAA	Hadley Center	Moyenne	"Moyenne glissante
sur 11 ans"
1848					
1849					
1850			-0.06121568627	-0.06	
1851			0.09378431373	0.09	
1852			0.08378431373	0.08	
1853			0.04278431373	0.04	
1854			0.06378431373	0.06	
1855			0.03978431373	0.04	-0.008
1856			-0.04621568627	-0.05	-0.011
1857			-0.1492156863	-0.15	-0.039
1858			-0.1552156863	-0.16	-0.044
1859			0.02778431373	0.03	-0.064
1860			-0.03121568627	-0.03	-0.067
1861			-0.09521568627	-0.10	-0.065
1862			-0.2122156863	-0.21	-0.062
1863			0.03378431373	0.03	-0.041
1864			-0.1822156863	-0.18	-0.023
1865			0.03278431373	0.03	-0.022
1866			0.06078431373	0.06	-0.021
1867			-0.009215686275	-0.01	-0.005
1868			0.07378431373	0.07	0.015
1869			0.04978431373	0.05	0.007
1870			0.03578431373	0.04	0.016
1871			-0.02321568627	-0.02	0.006
1872			0.08478431373	0.08	0.022
1873			0.007784313725	0.01	0.055
1874			-0.05621568627	-0.06	0.055
1875			-0.08321568627	-0.08	0.056
1876			-0.07221568627	-0.07	0.063
1877			0.2367843137	0.24	0.075
1878			0.3467843137	0.35	0.069
1879			0.08178431373	0.08	0.062
1880	0.03	0.06	0.08478431373	0.06	0.061
1881	0.12	0.11	0.1117843137	0.11	0.063
1882	0.11	0.10	0.09878431373	0.10	0.060
1883	0.03	0.03	0.01578431373	0.03	0.041
1884	-0.07	-0.04	-0.09721568627	-0.07	0.019
1885	-0.10	-0.04	-0.07721568627	-0.07	0.000
1886	-0.10	-0.03	-0.05521568627	-0.06	-0.009
1887	-0.13	-0.07	-0.1062156863	-0.10	-0.029
1888	0.04	0.03	0.004784313725	0.02	-0.050
1889	0.11	0.08	0.1407843137	0.11	-0.061
1890	-0.15	-0.14	-0.1042156863	-0.13	-0.059
1891	-0.02	-0.07	-0.01821568627	-0.04	-0.042
1892	-0.05	-0.12	-0.1432156863	-0.10	-0.028
1893	-0.10	-0.13	-0.1612156863	-0.13	-0.026
1894	-0.09	-0.10	-0.09821568627	-0.10	-0.025
1895	-0.01	-0.04	-0.07821568627	-0.04	-0.025
1896	0.10	0.09	0.1257843137	0.11	-0.008
1897	0.10	0.07	0.1057843137	0.09	-0.012
1898	-0.06	-0.08	-0.1002156863	-0.08	-0.017
1899	0.03	0.06	0.02278431373	0.04	-0.028
1900	0.13	0.11	0.1087843137	0.12	-0.026
1901	0.06	0.04	0.05278431373	0.05	-0.023
1902	-0.07	-0.07	-0.09021568627	-0.08	-0.048
1903	-0.17	-0.16	-0.1672156863	-0.17	-0.077
1904	-0.28	-0.24	-0.2082156863	-0.24	-0.092
1905	-0.07	-0.11	-0.06521568627	-0.08	-0.113
1906	-0.01	-0.03	0.02878431373	0.00	-0.145
1907	-0.18	-0.19	-0.1532156863	-0.17	-0.162
1908	-0.22	-0.26	-0.1992156863	-0.23	-0.167
1909	-0.26	-0.25	-0.2102156863	-0.24	-0.147
1910	-0.21	-0.20	-0.1782156863	-0.20	-0.113
1911	-0.21	-0.26	-0.2322156863	-0.23	-0.115
1912	-0.14	-0.15	-0.1252156863	-0.14	-0.130
1913	-0.14	-0.14	-0.1122156863	-0.13	-0.117
1914	0.06	0.04	0.06778431373	0.06	-0.097
1915	0.10	0.11	0.1707843137	0.13	-0.076
1916	-0.11	-0.11	-0.07121568627	-0.10	-0.052
1917	-0.22	-0.13	-0.1562156863	-0.17	-0.033
1918	-0.07	-0.02	-0.02121568627	-0.04	-0.021
1919	-0.05	-0.02	0.03678431373	-0.01	-0.012
1920	-0.04	-0.03	0.06478431373	0.00	-0.012
1921	0.04	0.04	0.1247843137	0.07	-0.010
1922	-0.05	-0.04	0.009784313725	-0.03	0.004
1923	-0.03	-0.03	0.03578431373	-0.01	0.024
1924	-0.04	-0.06	0.01778431373	-0.03	0.019
1925	0.01	0.04	0.09678431373	0.05	0.030
1926	0.13	0.13	0.2037843137	0.15	0.043
1927	0.01	0.04	0.1017843137	0.05	0.046
1928	0.03	0.02	0.1057843137	0.05	0.045
1929	-0.13	-0.11	-0.03821568627	-0.09	0.056
1930	0.07	0.09	0.1747843137	0.11	0.064
1931	0.11	0.11	0.2247843137	0.15	0.069
1932	0.05	0.06	0.1747843137	0.09	0.073
1933	-0.07	-0.07	0.03878431373	-0.03	0.088
1934	0.08	0.08	0.1807843137	0.11	0.101
1935	0.01	0.04	0.1337843137	0.06	0.138
1936	0.05	0.07	0.1647843137	0.09	0.161
1937	0.17	0.16	0.2857843137	0.21	0.174
1938	0.18	0.15	0.3057843137	0.21	0.193
1939	0.18	0.16	0.2597843137	0.20	0.237
1940	0.33	0.27	0.3257843137	0.31	0.256
1941	0.39	0.37	0.3317843137	0.36	0.267
1942	0.26	0.33	0.2847843137	0.29	0.276
1943	0.28	0.33	0.3077843137	0.31	0.272
1944	0.42	0.47	0.4557843137	0.45	0.266
1945	0.30	0.34	0.3367843137	0.33	0.253
1946	0.14	0.17	0.2407843137	0.18	0.242
1947	0.17	0.12	0.2737843137	0.19	0.232
1948	0.10	0.12	0.2727843137	0.16	0.235
1949	0.10	0.12	0.2377843137	0.15	0.216
1950	0.02	0.01	0.1387843137	0.06	0.182
1951	0.14	0.16	0.2597843137	0.19	0.153
1952	0.22	0.20	0.3397843137	0.25	0.160
1953	0.28	0.27	0.4087843137	0.32	0.171
1954	0.06	0.06	0.1827843137	0.10	0.180
1955	0.06	0.04	0.1217843137	0.07	0.186
1956	0.00	-0.03	0.04478431373	0.00	0.207
1957	0.25	0.22	0.3047843137	0.26	0.215
1958	0.28	0.29	0.3577843137	0.31	0.220
1959	0.23	0.23	0.3287843137	0.26	0.195
1960	0.19	0.20	0.2627843137	0.22	0.197
1961	0.26	0.25	0.3497843137	0.29	0.208
1962	0.25	0.27	0.3257843137	0.28	0.225
1963	0.28	0.28	0.3597843137	0.31	0.216
1964	0.01	0.03	0.08878431373	0.04	0.215
1965	0.11	0.10	0.1717843137	0.13	0.214
1966	0.16	0.16	0.2437843137	0.19	0.205
1967	0.19	0.16	0.2377843137	0.20	0.199
1968	0.14	0.15	0.1987843137	0.16	0.207
1969	0.28	0.27	0.3437843137	0.30	0.189
1970	0.24	0.22	0.2847843137	0.25	0.202
1971	0.12	0.10	0.1257843137	0.12	0.198
1972	0.23	0.21	0.2467843137	0.23	0.215
1973	0.37	0.34	0.3737843137	0.36	0.222
1974	0.13	0.11	0.09778431373	0.11	0.242
1975	0.20	0.18	0.1627843137	0.18	0.255
1976	0.10	0.10	0.07078431373	0.09	0.277
1977	0.38	0.38	0.3587843137	0.37	0.298
1978	0.28	0.29	0.2497843137	0.27	0.325
1979	0.37	0.41	0.3687843137	0.38	0.322
1980	0.48	0.45	0.4037843137	0.44	0.340
1981	0.54	0.48	0.4517843137	0.49	0.359
1982	0.35	0.36	0.3227843137	0.34	0.400
1983	0.53	0.52	0.5057843137	0.52	0.417
1984	0.38	0.33	0.2977843137	0.34	0.434
1985	0.33	0.32	0.2817843137	0.31	0.456
1986	0.40	0.41	0.3567843137	0.39	0.470
1987	0.55	0.55	0.5037843137	0.53	0.464
1988	0.62	0.56	0.5097843137	0.56	0.475
1989	0.49	0.48	0.4297843137	0.47	0.475
1990	0.65	0.61	0.6077843137	0.62	0.503
1991	0.63	0.58	0.5657843137	0.59	0.522
1992	0.44	0.44	0.4167843137	0.43	0.550
1993	0.45	0.47	0.4597843137	0.46	0.578
1994	0.53	0.52	0.5197843137	0.52	0.583
1995	0.66	0.64	0.6367843137	0.65	0.596
1996	0.55	0.51	0.4947843137	0.52	0.607
1997	0.68	0.70	0.7017843137	0.69	0.627
1998	0.84	0.82	0.8507843137	0.84	0.661
1999	0.61	0.63	0.6177843137	0.62	0.688
2000	0.62	0.61	0.6057843137	0.61	0.719
2001	0.75	0.73	0.7527843137	0.74	0.734
2002	0.84	0.78	0.8077843137	0.81	0.761
2003	0.82	0.79	0.8167843137	0.81	0.764
2004	0.75	0.76	0.7587843137	0.76	0.763
2005	0.89	0.84	0.8567843137	0.86	0.788
2006	0.84	0.80	0.8177843137	0.82	0.802
2007	0.85	0.79	0.8027843137	0.81	0.807
2008	0.73	0.72	0.7067843137	0.72	0.810
2009	0.85	0.82	0.8177843137	0.83	0.821
2010	0.92	0.88	0.8717843137	0.89	0.850
2011	0.80	0.76	0.7367843137	0.77	0.876
2012	0.83	0.80	0.7817843137	0.80	0.897
2013	0.86	0.85	0.8257843137	0.85	0.911
2014	0.95	0.93	0.8907843137	0.92	
2015	1.08	1.09	1.074784314	1.08	
2016	1.21	1.13	1.108784314	1.15	
2017	1.12	1.03	0.9877843137	1.05	
2018	1.04	0.97	0.8897843137	0.97	
